image: tb2_map_test_1.pgm
resolution: 0.025000
origin: [-10.143500, -21.373289, 0.0]
negate: 0
occupied_thresh: 0.65
free_thresh: 0.196
