image: tb2_map_test_3.pgm
resolution: 0.025000
origin: [-9.403127, -16.607544, 0.0]
negate: 0
occupied_thresh: 0.65
free_thresh: 0.196
