image: tb2_webapp_test_1.pgm
resolution: 0.025000
origin: [-8.163018, -9.597505, 0.0]
negate: 0
occupied_thresh: 0.65
free_thresh: 0.196
