image: tb2_webapp_test_2.pgm
resolution: 0.025000
origin: [-11.031469, -22.980786, 0.0]
negate: 0
occupied_thresh: 0.65
free_thresh: 0.196
