image: tb2_localization_test_1.pgm
resolution: 0.025000
origin: [-9.920965, -16.607544, 0.0]
negate: 0
occupied_thresh: 0.65
free_thresh: 0.196
