image: tb2_map_test_2.pgm
resolution: 0.025000
origin: [-7.566245, -10.418367, 0.0]
negate: 0
occupied_thresh: 0.65
free_thresh: 0.196
